Below are the 30 closest points
0.0 (-234.25,-206.75) (-234.25,-206.75)
0.3535533905932738 (-179.25,223.25) (-179.0,223.5)
0.5590169943749475 (-81.75,232.75) (-81.5,233.25)
0.7071067811865476 (150.25,-52.25) (150.75,-52.75)
0.7905694150420949 (150.25,-52.25) (150.5,-53.0)
0.9013878188659973 (-161.5,28.5) (-160.75,28.0)
1.0307764064044151 (7.25,120.0) (7.5,121.0)
1.118033988749895 (197.25,69.25) (197.75,68.25)
1.25 (-175.5,185.25) (-174.75,184.25)
1.2747548783981961 (-7.25,3.25) (-7.0,2.0)
1.4577379737113252 (-77.5,1.0) (-76.25,1.75)
1.5206906325745548 (-240.25,-200.75) (-240.0,-199.25)
1.5811388300841898 (-117.75,55.0) (-116.25,55.5)
1.6770509831248424 (-180.75,103.5) (-180.0,105.0)
1.8027756377319946 (-111.0,219.25) (-109.5,218.25)
1.8200274723201295 (-119.75,-167.75) (-118.0,-167.25)
1.9039432764659772 (-196.75,235.25) (-196.0,233.5)
1.9525624189766635 (110.75,215.25) (112.0,216.75)
2.0155644370746373 (132.75,42.25) (134.5,43.25)
2.0615528128088303 (39.0,169.0) (39.5,171.0)
2.1360009363293826 (-61.75,-224.25) (-61.0,-226.25)
2.1505813167606567 (-40.0,147.0) (-38.75,145.25)
2.3048861143232218 (-240.0,-199.25) (-238.5,-197.5)
2.358495283014151 (-201.0,20.75) (-199.0,22.0)
2.3717082451262845 (131.5,79.75) (132.25,82.0)
2.462214450449026 (-219.0,49.0) (-216.75,48.0)
2.5 (58.25,14.5) (60.25,13.0)
2.57390753524675 (-205.25,193.25) (-204.0,191.0)
2.6100766272276377 (142.25,31.5) (144.75,30.75)
2.6575364531836625 (-111.5,184.75) (-109.75,182.75)
